GGG  1                    1                    1           2001        1738351199  1738351199     sina                 
GGG  2                    2                    2           2002        1738351205  1738351205     sina                 
YYY  3                    3                    3           2003        1738351209  1738351209     sina                 
GGG  4                    4                    4           2004        1738351213  1738351213     sina                 
GGG  5                    5                    5           2005        1738351220  1738351220     sina                 
GGG  6                    6                    6           2006        1738351225  1738351225     sina                 
GGG  7                    7                    7           2007        1738351230  1738351230     sina                 
GGG  8                    8                    8           2008        1738351238  1738351238     sina                 
GGG  9                    9                    9           2009        1738351244  1738351244     sina                 
GGG  10                   10                   10          2010        1738351249  1738351249     sina                 
